{
    "accuracy": 0.7076774815290716,
    "precision": 0.7612847222222222,
    "recall": 0.580026455026455,
    "auc": 0.7730035625881971
}