{
    "accuracy": 0.7324124638612272,
    "precision": 0.778050778050778,
    "recall": 0.6283068783068783,
    "auc": 0.8141583963726374
}